0 1 105
0 7 234
1 0 105
1 2 38
1 7 129
2 1 38
2 3 111
2 7 110
2 8 149
3 2 111
3 4 30
3 8 157
3 9 222
3 10 205
3 12 148
3 13 112
4 3 30
4 5 59
4 13 140
5 4 59
5 6 69
5 13 164
6 5 69
6 13 157
7 0 234
7 1 129
7 2 110
7 8 35
8 2 149
8 3 157
8 7 35
8 9 85
9 3 222
9 8 85
9 10 45
9 17 98
9 26 112
10 3 205
10 9 45
10 11 81
11 10 81
11 12 99
11 26 97
12 3 148
12 11 99
12 13 38
12 14 98
12 15 147
12 16 104
13 3 112
13 4 140
13 5 164
13 6 157
13 12 38
14 12 98
14 15 46
15 12 147
15 14 46
16 12 104
17 7 182
17 9 98
17 18 37
17 19 46
18 17 37
18 19 50
18 20 64
19 17 46
19 18 50
19 23 90
19 25 130
19 26 141
20 18 64
20 21 122
21 20 122
21 22 90
22 21 90
22 23 52
23 22 52
23 19 90
23 24 131
24 23 131
24 25 93
25 12 168
25 19 130
25 26 29
26 9 112
26 11 97
26 19 141
26 25 29